0	file:/Users/miriamthompson/Desktop/DH%20Project/Mallet/post_revolution/MVHD83.txt	0.19230769230769232	0.01282051282051282	0.038461538461538464	0.038461538461538464	0.2692307692307692	0.08974358974358974	0.01282051282051282	0.038461538461538464	0.11538461538461539	0.19230769230769232
1	file:/Users/miriamthompson/Desktop/DH%20Project/Mallet/post_revolution/MVHD97.txt	0.15714285714285714	0.12857142857142856	0.014285714285714285	0.014285714285714285	0.1	0.4714285714285714	0.04285714285714286	0.014285714285714285	0.014285714285714285	0.04285714285714286
2	file:/Users/miriamthompson/Desktop/DH%20Project/Mallet/post_revolution/MVHD40.txt	0.049019607843137254	0.06862745098039216	0.18627450980392157	0.10784313725490197	0.029411764705882353	0.06862745098039216	0.029411764705882353	0.00980392156862745	0.029411764705882353	0.4215686274509804
3	file:/Users/miriamthompson/Desktop/DH%20Project/Mallet/post_revolution/MVHD54.txt	0.010869565217391304	0.03260869565217391	0.010869565217391304	0.03260869565217391	0.16304347826086957	0.09782608695652174	0.18478260869565216	0.11956521739130435	0.11956521739130435	0.22826086956521738
4	file:/Users/miriamthompson/Desktop/DH%20Project/Mallet/post_revolution/MVHD68.txt	0.1	0.014285714285714285	0.014285714285714285	0.1	0.014285714285714285	0.18571428571428572	0.1	0.12857142857142856	0.014285714285714285	0.32857142857142857
5	file:/Users/miriamthompson/Desktop/DH%20Project/Mallet/post_revolution/MBS3.txt	0.175	0.225	0.008333333333333333	0.275	0.008333333333333333	0.10833333333333334	0.09166666666666666	0.09166666666666666	0.008333333333333333	0.008333333333333333
6	file:/Users/miriamthompson/Desktop/DH%20Project/Mallet/post_revolution/EHT8.txt	0.24358974358974358	0.0641025641025641	0.038461538461538464	0.01282051282051282	0.5769230769230769	0.01282051282051282	0.01282051282051282	0.01282051282051282	0.01282051282051282	0.01282051282051282
7	file:/Users/miriamthompson/Desktop/DH%20Project/Mallet/post_revolution/ESB5.txt	0.014285714285714285	0.014285714285714285	0.04285714285714286	0.07142857142857142	0.1	0.014285714285714285	0.5	0.15714285714285714	0.04285714285714286	0.04285714285714286
8	file:/Users/miriamthompson/Desktop/DH%20Project/Mallet/post_revolution/EHT63.txt	0.00980392156862745	0.3431372549019608	0.12745098039215685	0.049019607843137254	0.00980392156862745	0.049019607843137254	0.10784313725490197	0.24509803921568626	0.00980392156862745	0.049019607843137254
9	file:/Users/miriamthompson/Desktop/DH%20Project/Mallet/post_revolution/EHT77.txt	0.011111111111111112	0.45555555555555555	0.05555555555555555	0.03333333333333333	0.011111111111111112	0.011111111111111112	0.23333333333333334	0.07777777777777778	0.07777777777777778	0.03333333333333333
10	file:/Users/miriamthompson/Desktop/DH%20Project/Mallet/post_revolution/EHT76.txt	0.03488372093023256	0.08139534883720931	0.011627906976744186	0.22093023255813954	0.03488372093023256	0.08139534883720931	0.12790697674418605	0.29069767441860467	0.05813953488372093	0.05813953488372093
11	file:/Users/miriamthompson/Desktop/DH%20Project/Mallet/post_revolution/EHT62.txt	0.028846153846153848	0.625	0.0673076923076923	0.009615384615384616	0.028846153846153848	0.16346153846153846	0.009615384615384616	0.009615384615384616	0.04807692307692308	0.009615384615384616
12	file:/Users/miriamthompson/Desktop/DH%20Project/Mallet/post_revolution/ESB4.txt	0.017241379310344827	0.15517241379310345	0.017241379310344827	0.05172413793103448	0.017241379310344827	0.05172413793103448	0.6379310344827587	0.017241379310344827	0.017241379310344827	0.017241379310344827
13	file:/Users/miriamthompson/Desktop/DH%20Project/Mallet/post_revolution/EHT9.txt	0.2777777777777778	0.011111111111111112	0.18888888888888888	0.03333333333333333	0.16666666666666666	0.011111111111111112	0.07777777777777778	0.18888888888888888	0.011111111111111112	0.03333333333333333
14	file:/Users/miriamthompson/Desktop/DH%20Project/Mallet/post_revolution/MBS2.txt	0.06862745098039216	0.00980392156862745	0.00980392156862745	0.24509803921568626	0.18627450980392157	0.00980392156862745	0.00980392156862745	0.3431372549019608	0.10784313725490197	0.00980392156862745
15	file:/Users/miriamthompson/Desktop/DH%20Project/Mallet/post_revolution/MVHD69.txt	0.010869565217391304	0.010869565217391304	0.05434782608695652	0.010869565217391304	0.14130434782608695	0.010869565217391304	0.09782608695652174	0.18478260869565216	0.14130434782608695	0.33695652173913043
16	file:/Users/miriamthompson/Desktop/DH%20Project/Mallet/post_revolution/MVHD55.txt	0.07291666666666667	0.07291666666666667	0.010416666666666666	0.09375	0.07291666666666667	0.21875	0.010416666666666666	0.010416666666666666	0.052083333333333336	0.3854166666666667
17	file:/Users/miriamthompson/Desktop/DH%20Project/Mallet/post_revolution/MVHD41.txt	0.06097560975609756	0.13414634146341464	0.036585365853658534	0.06097560975609756	0.036585365853658534	0.036585365853658534	0.2073170731707317	0.012195121951219513	0.012195121951219513	0.4024390243902439
18	file:/Users/miriamthompson/Desktop/DH%20Project/Mallet/post_revolution/MVHD96.txt	0.21428571428571427	0.04285714285714286	0.014285714285714285	0.014285714285714285	0.24285714285714285	0.014285714285714285	0.014285714285714285	0.1	0.04285714285714286	0.3
19	file:/Users/miriamthompson/Desktop/DH%20Project/Mallet/post_revolution/MVHD82.txt	0.4027777777777778	0.013888888888888888	0.1527777777777778	0.013888888888888888	0.20833333333333334	0.013888888888888888	0.041666666666666664	0.013888888888888888	0.125	0.013888888888888888
20	file:/Users/miriamthompson/Desktop/DH%20Project/Mallet/post_revolution/MVHD94.txt	0.08974358974358974	0.038461538461538464	0.01282051282051282	0.01282051282051282	0.038461538461538464	0.01282051282051282	0.0641025641025641	0.08974358974358974	0.038461538461538464	0.6025641025641025
21	file:/Users/miriamthompson/Desktop/DH%20Project/Mallet/post_revolution/MVHD80.txt	0.2692307692307692	0.01282051282051282	0.01282051282051282	0.038461538461538464	0.01282051282051282	0.2692307692307692	0.01282051282051282	0.11538461538461539	0.01282051282051282	0.24358974358974358
22	file:/Users/miriamthompson/Desktop/DH%20Project/Mallet/post_revolution/MVHD57.txt	0.038461538461538464	0.0641025641025641	0.01282051282051282	0.038461538461538464	0.038461538461538464	0.08974358974358974	0.08974358974358974	0.08974358974358974	0.2692307692307692	0.2692307692307692
23	file:/Users/miriamthompson/Desktop/DH%20Project/Mallet/post_revolution/MVHD43.txt	0.03409090909090909	0.011363636363636364	0.011363636363636364	0.125	0.17045454545454544	0.3068181818181818	0.011363636363636364	0.056818181818181816	0.03409090909090909	0.23863636363636365
24	file:/Users/miriamthompson/Desktop/DH%20Project/Mallet/post_revolution/ESB6.txt	0.010638297872340425	0.031914893617021274	0.010638297872340425	0.05319148936170213	0.07446808510638298	0.07446808510638298	0.6914893617021277	0.031914893617021274	0.010638297872340425	0.010638297872340425
25	file:/Users/miriamthompson/Desktop/DH%20Project/Mallet/post_revolution/EHT48.txt	0.03409090909090909	0.5568181818181818	0.125	0.056818181818181816	0.10227272727272728	0.011363636363636364	0.03409090909090909	0.011363636363636364	0.056818181818181816	0.011363636363636364
26	file:/Users/miriamthompson/Desktop/DH%20Project/Mallet/post_revolution/EHT74.txt	0.010638297872340425	0.4574468085106383	0.13829787234042554	0.010638297872340425	0.18085106382978725	0.010638297872340425	0.07446808510638298	0.010638297872340425	0.09574468085106383	0.010638297872340425
27	file:/Users/miriamthompson/Desktop/DH%20Project/Mallet/post_revolution/EHT60.txt	0.13541666666666666	0.11458333333333333	0.4479166666666667	0.010416666666666666	0.11458333333333333	0.010416666666666666	0.010416666666666666	0.052083333333333336	0.09375	0.010416666666666666
28	file:/Users/miriamthompson/Desktop/DH%20Project/Mallet/post_revolution/EHT61.txt	0.01282051282051282	0.24358974358974358	0.2692307692307692	0.038461538461538464	0.11538461538461539	0.01282051282051282	0.0641025641025641	0.11538461538461539	0.01282051282051282	0.11538461538461539
29	file:/Users/miriamthompson/Desktop/DH%20Project/Mallet/post_revolution/EHT75.txt	0.010869565217391304	0.11956521739130435	0.4673913043478261	0.03260869565217391	0.11956521739130435	0.09782608695652174	0.010869565217391304	0.11956521739130435	0.010869565217391304	0.010869565217391304
30	file:/Users/miriamthompson/Desktop/DH%20Project/Mallet/post_revolution/EHT49.txt	0.010638297872340425	0.6276595744680851	0.1595744680851064	0.010638297872340425	0.010638297872340425	0.010638297872340425	0.05319148936170213	0.05319148936170213	0.031914893617021274	0.031914893617021274
31	file:/Users/miriamthompson/Desktop/DH%20Project/Mallet/post_revolution/ESB7.txt	0.05319148936170213	0.05319148936170213	0.1595744680851064	0.30851063829787234	0.031914893617021274	0.010638297872340425	0.07446808510638298	0.13829787234042554	0.13829787234042554	0.031914893617021274
32	file:/Users/miriamthompson/Desktop/DH%20Project/Mallet/post_revolution/MBS1.txt	0.029411764705882353	0.00980392156862745	0.00980392156862745	0.14705882352941177	0.3235294117647059	0.14705882352941177	0.12745098039215685	0.18627450980392157	0.00980392156862745	0.00980392156862745
33	file:/Users/miriamthompson/Desktop/DH%20Project/Mallet/post_revolution/MVHD42.txt	0.07954545454545454	0.03409090909090909	0.011363636363636364	0.011363636363636364	0.26136363636363635	0.056818181818181816	0.011363636363636364	0.07954545454545454	0.3522727272727273	0.10227272727272728
34	file:/Users/miriamthompson/Desktop/DH%20Project/Mallet/post_revolution/MVHD56.txt	0.10227272727272728	0.011363636363636364	0.011363636363636364	0.011363636363636364	0.2840909090909091	0.3977272727272727	0.056818181818181816	0.07954545454545454	0.03409090909090909	0.011363636363636364
35	file:/Users/miriamthompson/Desktop/DH%20Project/Mallet/post_revolution/MVHD81.txt	0.2777777777777778	0.05555555555555555	0.011111111111111112	0.011111111111111112	0.011111111111111112	0.36666666666666664	0.07777777777777778	0.011111111111111112	0.05555555555555555	0.12222222222222222
36	file:/Users/miriamthompson/Desktop/DH%20Project/Mallet/post_revolution/MVHD95.txt	0.012195121951219513	0.012195121951219513	0.036585365853658534	0.18292682926829268	0.08536585365853659	0.012195121951219513	0.036585365853658534	0.012195121951219513	0.13414634146341464	0.47560975609756095
37	file:/Users/miriamthompson/Desktop/DH%20Project/Mallet/post_revolution/MVHD91.txt	0.010638297872340425	0.010638297872340425	0.031914893617021274	0.07446808510638298	0.18085106382978725	0.031914893617021274	0.1595744680851064	0.010638297872340425	0.010638297872340425	0.4787234042553192
38	file:/Users/miriamthompson/Desktop/DH%20Project/Mallet/post_revolution/MVHD85.txt	0.44594594594594594	0.12162162162162163	0.0945945945945946	0.013513513513513514	0.06756756756756757	0.0945945945945946	0.04054054054054054	0.013513513513513514	0.013513513513513514	0.0945945945945946
39	file:/Users/miriamthompson/Desktop/DH%20Project/Mallet/post_revolution/MVHD52.txt	0.013157894736842105	0.013157894736842105	0.09210526315789473	0.11842105263157894	0.013157894736842105	0.17105263157894737	0.06578947368421052	0.11842105263157894	0.17105263157894737	0.2236842105263158
40	file:/Users/miriamthompson/Desktop/DH%20Project/Mallet/post_revolution/MVHD46.txt	0.13829787234042554	0.05319148936170213	0.09574468085106383	0.05319148936170213	0.09574468085106383	0.010638297872340425	0.010638297872340425	0.010638297872340425	0.4148936170212766	0.11702127659574468
41	file:/Users/miriamthompson/Desktop/DH%20Project/Mallet/post_revolution/MBS5.txt	0.12222222222222222	0.011111111111111112	0.03333333333333333	0.1	0.011111111111111112	0.05555555555555555	0.5222222222222223	0.12222222222222222	0.011111111111111112	0.011111111111111112
42	file:/Users/miriamthompson/Desktop/DH%20Project/Mallet/post_revolution/ESB3.txt	0.08064516129032258	0.016129032258064516	0.016129032258064516	0.11290322580645161	0.016129032258064516	0.08064516129032258	0.532258064516129	0.08064516129032258	0.016129032258064516	0.04838709677419355
43	file:/Users/miriamthompson/Desktop/DH%20Project/Mallet/post_revolution/EHT71.txt	0.030612244897959183	0.5408163265306123	0.23469387755102042	0.030612244897959183	0.030612244897959183	0.07142857142857142	0.01020408163265306	0.01020408163265306	0.030612244897959183	0.01020408163265306
44	file:/Users/miriamthompson/Desktop/DH%20Project/Mallet/post_revolution/EHT65.txt	0.011363636363636364	0.6477272727272727	0.03409090909090909	0.07954545454545454	0.07954545454545454	0.011363636363636364	0.011363636363636364	0.03409090909090909	0.07954545454545454	0.011363636363636364
45	file:/Users/miriamthompson/Desktop/DH%20Project/Mallet/post_revolution/EHT59.txt	0.03260869565217391	0.22826086956521738	0.25	0.010869565217391304	0.11956521739130435	0.05434782608695652	0.05434782608695652	0.22826086956521738	0.010869565217391304	0.010869565217391304
46	file:/Users/miriamthompson/Desktop/DH%20Project/Mallet/post_revolution/EHT58.txt	0.03125	0.4479166666666667	0.3854166666666667	0.010416666666666666	0.010416666666666666	0.010416666666666666	0.010416666666666666	0.03125	0.052083333333333336	0.010416666666666666
47	file:/Users/miriamthompson/Desktop/DH%20Project/Mallet/post_revolution/EHT64.txt	0.011111111111111112	0.3	0.2111111111111111	0.011111111111111112	0.011111111111111112	0.1	0.05555555555555555	0.2777777777777778	0.011111111111111112	0.011111111111111112
48	file:/Users/miriamthompson/Desktop/DH%20Project/Mallet/post_revolution/EHT70.txt	0.03409090909090909	0.5568181818181818	0.125	0.011363636363636364	0.03409090909090909	0.011363636363636364	0.011363636363636364	0.10227272727272728	0.10227272727272728	0.011363636363636364
49	file:/Users/miriamthompson/Desktop/DH%20Project/Mallet/post_revolution/ESB2.txt	0.015151515151515152	0.015151515151515152	0.015151515151515152	0.19696969696969696	0.10606060606060606	0.015151515151515152	0.2878787878787879	0.015151515151515152	0.2878787878787879	0.045454545454545456
50	file:/Users/miriamthompson/Desktop/DH%20Project/Mallet/post_revolution/MBS4.txt	0.2755102040816326	0.05102040816326531	0.030612244897959183	0.21428571428571427	0.11224489795918367	0.19387755102040816	0.01020408163265306	0.030612244897959183	0.07142857142857142	0.01020408163265306
51	file:/Users/miriamthompson/Desktop/DH%20Project/Mallet/post_revolution/MVHD47.txt	0.04838709677419355	0.016129032258064516	0.04838709677419355	0.016129032258064516	0.11290322580645161	0.08064516129032258	0.016129032258064516	0.3387096774193548	0.1774193548387097	0.14516129032258066
52	file:/Users/miriamthompson/Desktop/DH%20Project/Mallet/post_revolution/MVHD53.txt	0.013157894736842105	0.06578947368421052	0.013157894736842105	0.039473684210526314	0.039473684210526314	0.06578947368421052	0.2236842105263158	0.013157894736842105	0.19736842105263158	0.32894736842105265
53	file:/Users/miriamthompson/Desktop/DH%20Project/Mallet/post_revolution/MVHD84.txt	0.4270833333333333	0.010416666666666666	0.03125	0.010416666666666666	0.07291666666666667	0.11458333333333333	0.052083333333333336	0.010416666666666666	0.052083333333333336	0.21875
54	file:/Users/miriamthompson/Desktop/DH%20Project/Mallet/post_revolution/MVHD90.txt	0.056818181818181816	0.10227272727272728	0.011363636363636364	0.03409090909090909	0.03409090909090909	0.375	0.07954545454545454	0.056818181818181816	0.03409090909090909	0.2159090909090909
55	file:/Users/miriamthompson/Desktop/DH%20Project/Mallet/post_revolution/MVHD86.txt	0.358695652173913	0.010869565217391304	0.05434782608695652	0.03260869565217391	0.18478260869565216	0.010869565217391304	0.03260869565217391	0.07608695652173914	0.16304347826086957	0.07608695652173914
56	file:/Users/miriamthompson/Desktop/DH%20Project/Mallet/post_revolution/MVHD92.txt	0.13	0.15	0.01	0.05	0.31	0.07	0.01	0.09	0.03	0.15
57	file:/Users/miriamthompson/Desktop/DH%20Project/Mallet/post_revolution/MVHD79.txt	0.2976190476190476	0.03571428571428571	0.011904761904761904	0.03571428571428571	0.20238095238095238	0.03571428571428571	0.10714285714285714	0.011904761904761904	0.03571428571428571	0.2261904761904762
58	file:/Users/miriamthompson/Desktop/DH%20Project/Mallet/post_revolution/MVHD45.txt	0.041666666666666664	0.125	0.013888888888888888	0.18055555555555555	0.013888888888888888	0.013888888888888888	0.1527777777777778	0.18055555555555555	0.09722222222222222	0.18055555555555555
59	file:/Users/miriamthompson/Desktop/DH%20Project/Mallet/post_revolution/MVHD51.txt	0.01282051282051282	0.01282051282051282	0.038461538461538464	0.2692307692307692	0.01282051282051282	0.0641025641025641	0.16666666666666666	0.038461538461538464	0.2692307692307692	0.11538461538461539
60	file:/Users/miriamthompson/Desktop/DH%20Project/Mallet/post_revolution/EHT66.txt	0.10714285714285714	0.10714285714285714	0.27380952380952384	0.011904761904761904	0.17857142857142858	0.011904761904761904	0.03571428571428571	0.15476190476190477	0.011904761904761904	0.10714285714285714
61	file:/Users/miriamthompson/Desktop/DH%20Project/Mallet/post_revolution/EHT72.txt	0.15625	0.3229166666666667	0.15625	0.052083333333333336	0.15625	0.07291666666666667	0.03125	0.010416666666666666	0.03125	0.010416666666666666
62	file:/Users/miriamthompson/Desktop/DH%20Project/Mallet/post_revolution/EHT73.txt	0.03409090909090909	0.3068181818181818	0.26136363636363635	0.011363636363636364	0.125	0.011363636363636364	0.07954545454545454	0.10227272727272728	0.056818181818181816	0.011363636363636364
63	file:/Users/miriamthompson/Desktop/DH%20Project/Mallet/post_revolution/EHT67.txt	0.031914893617021274	0.3723404255319149	0.24468085106382978	0.031914893617021274	0.11702127659574468	0.031914893617021274	0.010638297872340425	0.031914893617021274	0.010638297872340425	0.11702127659574468
64	file:/Users/miriamthompson/Desktop/DH%20Project/Mallet/post_revolution/ESB1.txt	0.045454545454545456	0.045454545454545456	0.015151515151515152	0.3484848484848485	0.015151515151515152	0.015151515151515152	0.16666666666666666	0.19696969696969696	0.13636363636363635	0.015151515151515152
65	file:/Users/miriamthompson/Desktop/DH%20Project/Mallet/post_revolution/MVHD50.txt	0.01282051282051282	0.19230769230769232	0.01282051282051282	0.24358974358974358	0.01282051282051282	0.2692307692307692	0.14102564102564102	0.01282051282051282	0.01282051282051282	0.08974358974358974
66	file:/Users/miriamthompson/Desktop/DH%20Project/Mallet/post_revolution/MVHD44.txt	0.10465116279069768	0.011627906976744186	0.011627906976744186	0.011627906976744186	0.05813953488372093	0.12790697674418605	0.08139534883720931	0.5	0.05813953488372093	0.03488372093023256
67	file:/Users/miriamthompson/Desktop/DH%20Project/Mallet/post_revolution/MVHD78.txt	0.041666666666666664	0.013888888888888888	0.013888888888888888	0.013888888888888888	0.06944444444444445	0.4583333333333333	0.041666666666666664	0.09722222222222222	0.18055555555555555	0.06944444444444445
68	file:/Users/miriamthompson/Desktop/DH%20Project/Mallet/post_revolution/MVHD93.txt	0.06944444444444445	0.06944444444444445	0.013888888888888888	0.06944444444444445	0.1527777777777778	0.013888888888888888	0.1527777777777778	0.1527777777777778	0.013888888888888888	0.2916666666666667
69	file:/Users/miriamthompson/Desktop/DH%20Project/Mallet/post_revolution/MVHD87.txt	0.13	0.01	0.03	0.15	0.25	0.13	0.01	0.07	0.11	0.11
70	file:/Users/miriamthompson/Desktop/DH%20Project/Mallet/post_revolution/ESB15.txt	0.010869565217391304	0.010869565217391304	0.010869565217391304	0.75	0.010869565217391304	0.03260869565217391	0.03260869565217391	0.010869565217391304	0.07608695652173914	0.05434782608695652
71	file:/Users/miriamthompson/Desktop/DH%20Project/Mallet/post_revolution/ESB29.txt	0.038461538461538464	0.0641025641025641	0.01282051282051282	0.08974358974358974	0.0641025641025641	0.14102564102564102	0.32051282051282054	0.01282051282051282	0.19230769230769232	0.0641025641025641
72	file:/Users/miriamthompson/Desktop/DH%20Project/Mallet/post_revolution/HRG2.txt	0.04807692307692308	0.27884615384615385	0.009615384615384616	0.009615384615384616	0.14423076923076922	0.009615384615384616	0.25961538461538464	0.125	0.04807692307692308	0.0673076923076923
73	file:/Users/miriamthompson/Desktop/DH%20Project/Mallet/post_revolution/MVHD23.txt	0.36904761904761907	0.08333333333333333	0.03571428571428571	0.011904761904761904	0.17857142857142858	0.011904761904761904	0.03571428571428571	0.13095238095238096	0.10714285714285714	0.03571428571428571
74	file:/Users/miriamthompson/Desktop/DH%20Project/Mallet/post_revolution/MVHD37.txt	0.14444444444444443	0.07777777777777778	0.011111111111111112	0.011111111111111112	0.36666666666666664	0.03333333333333333	0.011111111111111112	0.05555555555555555	0.12222222222222222	0.16666666666666666
75	file:/Users/miriamthompson/Desktop/DH%20Project/Mallet/post_revolution/EHT28.txt	0.03260869565217391	0.14130434782608695	0.4673913043478261	0.03260869565217391	0.03260869565217391	0.010869565217391304	0.010869565217391304	0.010869565217391304	0.16304347826086957	0.09782608695652174
76	file:/Users/miriamthompson/Desktop/DH%20Project/Mallet/post_revolution/EHT14.txt	0.011111111111111112	0.03333333333333333	0.03333333333333333	0.12222222222222222	0.011111111111111112	0.2777777777777778	0.1	0.23333333333333334	0.011111111111111112	0.16666666666666666
77	file:/Users/miriamthompson/Desktop/DH%20Project/Mallet/post_revolution/MVHD111.txt	0.313953488372093	0.011627906976744186	0.011627906976744186	0.03488372093023256	0.011627906976744186	0.011627906976744186	0.1511627906976744	0.12790697674418605	0.10465116279069768	0.22093023255813954
78	file:/Users/miriamthompson/Desktop/DH%20Project/Mallet/post_revolution/MVHD105.txt	0.203125	0.015625	0.015625	0.046875	0.234375	0.109375	0.078125	0.046875	0.015625	0.234375
79	file:/Users/miriamthompson/Desktop/DH%20Project/Mallet/post_revolution/MVHD104.txt	0.07291666666666667	0.07291666666666667	0.010416666666666666	0.010416666666666666	0.3020833333333333	0.03125	0.07291666666666667	0.052083333333333336	0.07291666666666667	0.3020833333333333
80	file:/Users/miriamthompson/Desktop/DH%20Project/Mallet/post_revolution/MVHD110.txt	0.08139534883720931	0.011627906976744186	0.22093023255813954	0.011627906976744186	0.03488372093023256	0.05813953488372093	0.011627906976744186	0.03488372093023256	0.3372093023255814	0.19767441860465115
81	file:/Users/miriamthompson/Desktop/DH%20Project/Mallet/post_revolution/EHT15.txt	0.17	0.03	0.17	0.01	0.39	0.03	0.01	0.17	0.01	0.01
82	file:/Users/miriamthompson/Desktop/DH%20Project/Mallet/post_revolution/EHT29.txt	0.027777777777777776	0.1574074074074074	0.5648148148148148	0.027777777777777776	0.009259259259259259	0.08333333333333333	0.009259259259259259	0.10185185185185185	0.009259259259259259	0.009259259259259259
83	file:/Users/miriamthompson/Desktop/DH%20Project/Mallet/post_revolution/MVHD36.txt	0.011627906976744186	0.03488372093023256	0.05813953488372093	0.011627906976744186	0.1511627906976744	0.011627906976744186	0.05813953488372093	0.10465116279069768	0.38372093023255816	0.1744186046511628
84	file:/Users/miriamthompson/Desktop/DH%20Project/Mallet/post_revolution/MVHD22.txt	0.2638888888888889	0.013888888888888888	0.041666666666666664	0.09722222222222222	0.2361111111111111	0.1527777777777778	0.013888888888888888	0.013888888888888888	0.06944444444444445	0.09722222222222222
85	file:/Users/miriamthompson/Desktop/DH%20Project/Mallet/post_revolution/HRG3.txt	0.03260869565217391	0.09782608695652174	0.05434782608695652	0.11956521739130435	0.25	0.05434782608695652	0.29347826086956524	0.05434782608695652	0.03260869565217391	0.010869565217391304
86	file:/Users/miriamthompson/Desktop/DH%20Project/Mallet/post_revolution/ESB28.txt	0.011111111111111112	0.03333333333333333	0.011111111111111112	0.32222222222222224	0.03333333333333333	0.011111111111111112	0.5222222222222223	0.011111111111111112	0.03333333333333333	0.011111111111111112
87	file:/Users/miriamthompson/Desktop/DH%20Project/Mallet/post_revolution/ESB14.txt	0.0673076923076923	0.009615384615384616	0.08653846153846154	0.5480769230769231	0.009615384615384616	0.028846153846153848	0.028846153846153848	0.0673076923076923	0.125	0.028846153846153848
88	file:/Users/miriamthompson/Desktop/DH%20Project/Mallet/post_revolution/ESB16.txt	0.03571428571428571	0.011904761904761904	0.05952380952380952	0.5595238095238095	0.03571428571428571	0.011904761904761904	0.08333333333333333	0.05952380952380952	0.03571428571428571	0.10714285714285714
89	file:/Users/miriamthompson/Desktop/DH%20Project/Mallet/post_revolution/HRG1.txt	0.011627906976744186	0.29069767441860467	0.1511627906976744	0.011627906976744186	0.011627906976744186	0.03488372093023256	0.36046511627906974	0.10465116279069768	0.011627906976744186	0.011627906976744186
90	file:/Users/miriamthompson/Desktop/DH%20Project/Mallet/post_revolution/MVHD34.txt	0.07777777777777778	0.03333333333333333	0.12222222222222222	0.011111111111111112	0.12222222222222222	0.011111111111111112	0.011111111111111112	0.011111111111111112	0.5888888888888889	0.011111111111111112
91	file:/Users/miriamthompson/Desktop/DH%20Project/Mallet/post_revolution/MVHD20.txt	0.045454545454545456	0.015151515151515152	0.015151515151515152	0.25757575757575757	0.045454545454545456	0.015151515151515152	0.5606060606060606	0.015151515151515152	0.015151515151515152	0.015151515151515152
92	file:/Users/miriamthompson/Desktop/DH%20Project/Mallet/post_revolution/EHT17.txt	0.33035714285714285	0.20535714285714285	0.13392857142857142	0.008928571428571428	0.13392857142857142	0.008928571428571428	0.008928571428571428	0.11607142857142858	0.044642857142857144	0.008928571428571428
93	file:/Users/miriamthompson/Desktop/DH%20Project/Mallet/post_revolution/MVHD106.txt	0.04411764705882353	0.014705882352941176	0.014705882352941176	0.014705882352941176	0.3382352941176471	0.22058823529411764	0.014705882352941176	0.1323529411764706	0.014705882352941176	0.19117647058823528
94	file:/Users/miriamthompson/Desktop/DH%20Project/Mallet/post_revolution/MVHD112.txt	0.04054054054054054	0.06756756756756757	0.013513513513513514	0.013513513513513514	0.013513513513513514	0.013513513513513514	0.20270270270270271	0.06756756756756757	0.06756756756756757	0.5
95	file:/Users/miriamthompson/Desktop/DH%20Project/Mallet/post_revolution/MVHD113.txt	0.05434782608695652	0.05434782608695652	0.11956521739130435	0.05434782608695652	0.18478260869565216	0.16304347826086957	0.11956521739130435	0.07608695652173914	0.07608695652173914	0.09782608695652174
96	file:/Users/miriamthompson/Desktop/DH%20Project/Mallet/post_revolution/MVHD107.txt	0.0875	0.0125	0.0875	0.0375	0.4875	0.0375	0.0125	0.1125	0.0375	0.0875
97	file:/Users/miriamthompson/Desktop/DH%20Project/Mallet/post_revolution/EHT16.txt	0.41346153846153844	0.0673076923076923	0.08653846153846154	0.009615384615384616	0.08653846153846154	0.08653846153846154	0.028846153846153848	0.0673076923076923	0.0673076923076923	0.08653846153846154
98	file:/Users/miriamthompson/Desktop/DH%20Project/Mallet/post_revolution/MVHD21.txt	0.06578947368421052	0.013157894736842105	0.013157894736842105	0.013157894736842105	0.09210526315789473	0.013157894736842105	0.27631578947368424	0.3815789473684211	0.013157894736842105	0.11842105263157894
99	file:/Users/miriamthompson/Desktop/DH%20Project/Mallet/post_revolution/MVHD35.txt	0.010638297872340425	0.010638297872340425	0.010638297872340425	0.031914893617021274	0.031914893617021274	0.010638297872340425	0.010638297872340425	0.031914893617021274	0.7978723404255319	0.05319148936170213
100	file:/Users/miriamthompson/Desktop/DH%20Project/Mallet/post_revolution/ESB17.txt	0.011904761904761904	0.03571428571428571	0.011904761904761904	0.03571428571428571	0.03571428571428571	0.08333333333333333	0.75	0.011904761904761904	0.011904761904761904	0.011904761904761904
101	file:/Users/miriamthompson/Desktop/DH%20Project/Mallet/post_revolution/ESB13.txt	0.04054054054054054	0.04054054054054054	0.04054054054054054	0.6081081081081081	0.0945945945945946	0.013513513513513514	0.04054054054054054	0.013513513513513514	0.013513513513513514	0.0945945945945946
102	file:/Users/miriamthompson/Desktop/DH%20Project/Mallet/post_revolution/HRG4.txt	0.00909090909090909	0.02727272727272727	0.00909090909090909	0.08181818181818182	0.11818181818181818	0.045454545454545456	0.4818181818181818	0.20909090909090908	0.00909090909090909	0.00909090909090909
103	file:/Users/miriamthompson/Desktop/DH%20Project/Mallet/post_revolution/MVHD19.txt	0.01282051282051282	0.01282051282051282	0.01282051282051282	0.038461538461538464	0.2948717948717949	0.01282051282051282	0.0641025641025641	0.11538461538461539	0.08974358974358974	0.34615384615384615
104	file:/Users/miriamthompson/Desktop/DH%20Project/Mallet/post_revolution/MVHD31.txt	0.013513513513513514	0.0945945945945946	0.013513513513513514	0.04054054054054054	0.12162162162162163	0.33783783783783783	0.04054054054054054	0.12162162162162163	0.12162162162162163	0.0945945945945946
105	file:/Users/miriamthompson/Desktop/DH%20Project/Mallet/post_revolution/MVHD25.txt	0.2361111111111111	0.041666666666666664	0.013888888888888888	0.06944444444444445	0.1527777777777778	0.1527777777777778	0.013888888888888888	0.09722222222222222	0.18055555555555555	0.041666666666666664
106	file:/Users/miriamthompson/Desktop/DH%20Project/Mallet/post_revolution/MVHD9.txt	0.056818181818181816	0.011363636363636364	0.14772727272727273	0.07954545454545454	0.011363636363636364	0.5340909090909091	0.03409090909090909	0.011363636363636364	0.10227272727272728	0.011363636363636364
107	file:/Users/miriamthompson/Desktop/DH%20Project/Mallet/post_revolution/EHT12.txt	0.3490566037735849	0.009433962264150943	0.27358490566037735	0.14150943396226415	0.02830188679245283	0.02830188679245283	0.009433962264150943	0.009433962264150943	0.14150943396226415	0.009433962264150943
108	file:/Users/miriamthompson/Desktop/DH%20Project/Mallet/post_revolution/MVHD103.txt	0.038461538461538464	0.11538461538461539	0.01282051282051282	0.01282051282051282	0.16666666666666666	0.08974358974358974	0.11538461538461539	0.08974358974358974	0.01282051282051282	0.34615384615384615
109	file:/Users/miriamthompson/Desktop/DH%20Project/Mallet/post_revolution/MVHD117.txt	0.041666666666666664	0.041666666666666664	0.013888888888888888	0.041666666666666664	0.4305555555555556	0.041666666666666664	0.2361111111111111	0.013888888888888888	0.041666666666666664	0.09722222222222222
110	file:/Users/miriamthompson/Desktop/DH%20Project/Mallet/post_revolution/MVHD116.txt	0.04054054054054054	0.04054054054054054	0.06756756756756757	0.013513513513513514	0.22972972972972974	0.06756756756756757	0.04054054054054054	0.06756756756756757	0.17567567567567569	0.25675675675675674
111	file:/Users/miriamthompson/Desktop/DH%20Project/Mallet/post_revolution/MVHD102.txt	0.2125	0.0125	0.0125	0.0125	0.1375	0.0625	0.0125	0.0125	0.1625	0.3625
112	file:/Users/miriamthompson/Desktop/DH%20Project/Mallet/post_revolution/EHT13.txt	0.26744186046511625	0.10465116279069768	0.10465116279069768	0.011627906976744186	0.011627906976744186	0.12790697674418605	0.03488372093023256	0.12790697674418605	0.011627906976744186	0.19767441860465115
113	file:/Users/miriamthompson/Desktop/DH%20Project/Mallet/post_revolution/MVHD8.txt	0.011363636363636364	0.011363636363636364	0.011363636363636364	0.011363636363636364	0.011363636363636364	0.5340909090909091	0.011363636363636364	0.011363636363636364	0.375	0.011363636363636364
114	file:/Users/miriamthompson/Desktop/DH%20Project/Mallet/post_revolution/MVHD24.txt	0.33695652173913043	0.03260869565217391	0.03260869565217391	0.16304347826086957	0.010869565217391304	0.16304347826086957	0.05434782608695652	0.03260869565217391	0.11956521739130435	0.05434782608695652
115	file:/Users/miriamthompson/Desktop/DH%20Project/Mallet/post_revolution/MVHD30.txt	0.03260869565217391	0.010869565217391304	0.03260869565217391	0.33695652173913043	0.010869565217391304	0.03260869565217391	0.07608695652173914	0.09782608695652174	0.20652173913043478	0.16304347826086957
116	file:/Users/miriamthompson/Desktop/DH%20Project/Mallet/post_revolution/MVHD18.txt	0.22058823529411764	0.014705882352941176	0.014705882352941176	0.1323529411764706	0.04411764705882353	0.22058823529411764	0.19117647058823528	0.1323529411764706	0.014705882352941176	0.014705882352941176
117	file:/Users/miriamthompson/Desktop/DH%20Project/Mallet/post_revolution/ESB12.txt	0.030612244897959183	0.01020408163265306	0.01020408163265306	0.336734693877551	0.01020408163265306	0.030612244897959183	0.17346938775510204	0.37755102040816324	0.01020408163265306	0.01020408163265306
118	file:/Users/miriamthompson/Desktop/DH%20Project/Mallet/post_revolution/ESB38.txt	0.011627906976744186	0.011627906976744186	0.011627906976744186	0.05813953488372093	0.011627906976744186	0.03488372093023256	0.7790697674418605	0.011627906976744186	0.05813953488372093	0.011627906976744186
119	file:/Users/miriamthompson/Desktop/DH%20Project/Mallet/post_revolution/ESB10.txt	0.013513513513513514	0.04054054054054054	0.06756756756756757	0.28378378378378377	0.013513513513513514	0.013513513513513514	0.3918918918918919	0.06756756756756757	0.013513513513513514	0.0945945945945946
120	file:/Users/miriamthompson/Desktop/DH%20Project/Mallet/post_revolution/MVHD26.txt	0.2692307692307692	0.038461538461538464	0.01282051282051282	0.01282051282051282	0.0641025641025641	0.14102564102564102	0.01282051282051282	0.038461538461538464	0.11538461538461539	0.2948717948717949
121	file:/Users/miriamthompson/Desktop/DH%20Project/Mallet/post_revolution/MVHD32.txt	0.010416666666666666	0.010416666666666666	0.010416666666666666	0.052083333333333336	0.03125	0.8020833333333334	0.010416666666666666	0.052083333333333336	0.010416666666666666	0.010416666666666666
122	file:/Users/miriamthompson/Desktop/DH%20Project/Mallet/post_revolution/EHT11.txt	0.14150943396226415	0.009433962264150943	0.14150943396226415	0.009433962264150943	0.0660377358490566	0.2358490566037736	0.04716981132075472	0.2358490566037736	0.08490566037735849	0.02830188679245283
123	file:/Users/miriamthompson/Desktop/DH%20Project/Mallet/post_revolution/EHT39.txt	0.07777777777777778	0.4777777777777778	0.23333333333333334	0.03333333333333333	0.011111111111111112	0.07777777777777778	0.011111111111111112	0.011111111111111112	0.011111111111111112	0.05555555555555555
124	file:/Users/miriamthompson/Desktop/DH%20Project/Mallet/post_revolution/MVHD114.txt	0.22340425531914893	0.031914893617021274	0.13829787234042554	0.010638297872340425	0.1595744680851064	0.05319148936170213	0.010638297872340425	0.010638297872340425	0.09574468085106383	0.26595744680851063
125	file:/Users/miriamthompson/Desktop/DH%20Project/Mallet/post_revolution/MVHD100.txt	0.17045454545454544	0.10227272727272728	0.07954545454545454	0.011363636363636364	0.14772727272727273	0.10227272727272728	0.03409090909090909	0.011363636363636364	0.011363636363636364	0.32954545454545453
126	file:/Users/miriamthompson/Desktop/DH%20Project/Mallet/post_revolution/MVHD101.txt	0.011363636363636364	0.011363636363636364	0.011363636363636364	0.03409090909090909	0.07954545454545454	0.2840909090909091	0.07954545454545454	0.011363636363636364	0.011363636363636364	0.4659090909090909
127	file:/Users/miriamthompson/Desktop/DH%20Project/Mallet/post_revolution/MVHD115.txt	0.05172413793103448	0.08620689655172414	0.017241379310344827	0.05172413793103448	0.5	0.05172413793103448	0.08620689655172414	0.017241379310344827	0.017241379310344827	0.1206896551724138
128	file:/Users/miriamthompson/Desktop/DH%20Project/Mallet/post_revolution/EHT38.txt	0.07954545454545454	0.3068181818181818	0.2840909090909091	0.011363636363636364	0.03409090909090909	0.07954545454545454	0.011363636363636364	0.14772727272727273	0.011363636363636364	0.03409090909090909
129	file:/Users/miriamthompson/Desktop/DH%20Project/Mallet/post_revolution/EHT10.txt	0.24545454545454545	0.00909090909090909	0.06363636363636363	0.045454545454545456	0.045454545454545456	0.3	0.045454545454545456	0.06363636363636363	0.11818181818181818	0.06363636363636363
130	file:/Users/miriamthompson/Desktop/DH%20Project/Mallet/post_revolution/MVHD33.txt	0.2111111111111111	0.05555555555555555	0.011111111111111112	0.03333333333333333	0.12222222222222222	0.3	0.03333333333333333	0.1	0.011111111111111112	0.12222222222222222
131	file:/Users/miriamthompson/Desktop/DH%20Project/Mallet/post_revolution/MVHD27.txt	0.09782608695652174	0.03260869565217391	0.05434782608695652	0.16304347826086957	0.07608695652173914	0.14130434782608695	0.03260869565217391	0.14130434782608695	0.010869565217391304	0.25
132	file:/Users/miriamthompson/Desktop/DH%20Project/Mallet/post_revolution/ESB11.txt	0.00909090909090909	0.08181818181818182	0.08181818181818182	0.39090909090909093	0.11818181818181818	0.02727272727272727	0.1	0.13636363636363635	0.02727272727272727	0.02727272727272727
133	file:/Users/miriamthompson/Desktop/DH%20Project/Mallet/post_revolution/ESB39.txt	0.0625	0.0625	0.0125	0.0125	0.0125	0.0875	0.5125	0.1375	0.0875	0.0125
134	file:/Users/miriamthompson/Desktop/DH%20Project/Mallet/post_revolution/ESB20.txt	0.03409090909090909	0.011363636363636364	0.03409090909090909	0.2840909090909091	0.03409090909090909	0.056818181818181816	0.42045454545454547	0.011363636363636364	0.07954545454545454	0.03409090909090909
135	file:/Users/miriamthompson/Desktop/DH%20Project/Mallet/post_revolution/ESB34.txt	0.12037037037037036	0.009259259259259259	0.1388888888888889	0.08333333333333333	0.009259259259259259	0.027777777777777776	0.39814814814814814	0.027777777777777776	0.08333333333333333	0.10185185185185185
136	file:/Users/miriamthompson/Desktop/DH%20Project/Mallet/post_revolution/MVHD16.txt	0.036585365853658534	0.012195121951219513	0.012195121951219513	0.012195121951219513	0.06097560975609756	0.06097560975609756	0.036585365853658534	0.23170731707317074	0.2804878048780488	0.25609756097560976
137	file:/Users/miriamthompson/Desktop/DH%20Project/Mallet/post_revolution/MVHD6.txt	0.012195121951219513	0.012195121951219513	0.012195121951219513	0.2804878048780488	0.15853658536585366	0.012195121951219513	0.012195121951219513	0.25609756097560976	0.2073170731707317	0.036585365853658534
138	file:/Users/miriamthompson/Desktop/DH%20Project/Mallet/post_revolution/EHT21.txt	0.11702127659574468	0.18085106382978725	0.010638297872340425	0.010638297872340425	0.4148936170212766	0.05319148936170213	0.11702127659574468	0.010638297872340425	0.05319148936170213	0.031914893617021274
139	file:/Users/miriamthompson/Desktop/DH%20Project/Mallet/post_revolution/EHT35.txt	0.011111111111111112	0.2111111111111111	0.43333333333333335	0.05555555555555555	0.05555555555555555	0.011111111111111112	0.07777777777777778	0.03333333333333333	0.011111111111111112	0.1
140	file:/Users/miriamthompson/Desktop/DH%20Project/Mallet/post_revolution/MVHD118.txt	0.04054054054054054	0.013513513513513514	0.013513513513513514	0.04054054054054054	0.527027027027027	0.06756756756756757	0.17567567567567569	0.013513513513513514	0.013513513513513514	0.0945945945945946
141	file:/Users/miriamthompson/Desktop/DH%20Project/Mallet/post_revolution/MVHD119.txt	0.2948717948717949	0.11538461538461539	0.01282051282051282	0.01282051282051282	0.2692307692307692	0.11538461538461539	0.11538461538461539	0.01282051282051282	0.01282051282051282	0.038461538461538464
142	file:/Users/miriamthompson/Desktop/DH%20Project/Mallet/post_revolution/EHT34.txt	0.03333333333333333	0.07777777777777778	0.32222222222222224	0.07777777777777778	0.07777777777777778	0.011111111111111112	0.05555555555555555	0.32222222222222224	0.011111111111111112	0.011111111111111112
143	file:/Users/miriamthompson/Desktop/DH%20Project/Mallet/post_revolution/EHT20.txt	0.011627906976744186	0.03488372093023256	0.05813953488372093	0.08139534883720931	0.011627906976744186	0.313953488372093	0.011627906976744186	0.2441860465116279	0.1744186046511628	0.05813953488372093
144	file:/Users/miriamthompson/Desktop/DH%20Project/Mallet/post_revolution/MVHD7.txt	0.03409090909090909	0.011363636363636364	0.011363636363636364	0.03409090909090909	0.011363636363636364	0.5340909090909091	0.011363636363636364	0.011363636363636364	0.32954545454545453	0.011363636363636364
145	file:/Users/miriamthompson/Desktop/DH%20Project/Mallet/post_revolution/MVHD17.txt	0.012195121951219513	0.012195121951219513	0.012195121951219513	0.012195121951219513	0.3780487804878049	0.012195121951219513	0.08536585365853659	0.06097560975609756	0.2073170731707317	0.2073170731707317
146	file:/Users/miriamthompson/Desktop/DH%20Project/Mallet/post_revolution/ESB35.txt	0.03333333333333333	0.011111111111111112	0.011111111111111112	0.03333333333333333	0.14444444444444443	0.011111111111111112	0.6555555555555556	0.011111111111111112	0.07777777777777778	0.011111111111111112
147	file:/Users/miriamthompson/Desktop/DH%20Project/Mallet/post_revolution/ESB21.txt	0.011627906976744186	0.011627906976744186	0.011627906976744186	0.03488372093023256	0.03488372093023256	0.011627906976744186	0.8023255813953488	0.011627906976744186	0.05813953488372093	0.011627906976744186
148	file:/Users/miriamthompson/Desktop/DH%20Project/Mallet/post_revolution/ESB37.txt	0.014285714285714285	0.014285714285714285	0.014285714285714285	0.1	0.04285714285714286	0.04285714285714286	0.6142857142857143	0.014285714285714285	0.12857142857142856	0.014285714285714285
149	file:/Users/miriamthompson/Desktop/DH%20Project/Mallet/post_revolution/ESB23.txt	0.06097560975609756	0.012195121951219513	0.06097560975609756	0.32926829268292684	0.06097560975609756	0.012195121951219513	0.18292682926829268	0.23170731707317074	0.036585365853658534	0.012195121951219513
150	file:/Users/miriamthompson/Desktop/DH%20Project/Mallet/post_revolution/MVHD15.txt	0.010638297872340425	0.05319148936170213	0.07446808510638298	0.09574468085106383	0.26595744680851063	0.32978723404255317	0.05319148936170213	0.07446808510638298	0.031914893617021274	0.010638297872340425
151	file:/Users/miriamthompson/Desktop/DH%20Project/Mallet/post_revolution/MVHD29.txt	0.010869565217391304	0.05434782608695652	0.03260869565217391	0.18478260869565216	0.05434782608695652	0.09782608695652174	0.03260869565217391	0.16304347826086957	0.14130434782608695	0.22826086956521738
152	file:/Users/miriamthompson/Desktop/DH%20Project/Mallet/post_revolution/MVHD5.txt	0.013513513513513514	0.04054054054054054	0.04054054054054054	0.013513513513513514	0.0945945945945946	0.04054054054054054	0.28378378378378377	0.36486486486486486	0.0945945945945946	0.013513513513513514
153	file:/Users/miriamthompson/Desktop/DH%20Project/Mallet/post_revolution/EHT36.txt	0.15625	0.010416666666666666	0.19791666666666666	0.010416666666666666	0.19791666666666666	0.13541666666666666	0.052083333333333336	0.21875	0.010416666666666666	0.010416666666666666
154	file:/Users/miriamthompson/Desktop/DH%20Project/Mallet/post_revolution/EHT22.txt	0.045454545454545456	0.02727272727272727	0.045454545454545456	0.06363636363636363	0.33636363636363636	0.3	0.00909090909090909	0.08181818181818182	0.08181818181818182	0.00909090909090909
155	file:/Users/miriamthompson/Desktop/DH%20Project/Mallet/post_revolution/EHT23.txt	0.45	0.01	0.03	0.01	0.45	0.01	0.01	0.01	0.01	0.01
156	file:/Users/miriamthompson/Desktop/DH%20Project/Mallet/post_revolution/EHT37.txt	0.01020408163265306	0.05102040816326531	0.5	0.05102040816326531	0.11224489795918367	0.05102040816326531	0.01020408163265306	0.01020408163265306	0.17346938775510204	0.030612244897959183
157	file:/Users/miriamthompson/Desktop/DH%20Project/Mallet/post_revolution/MVHD4.txt	0.0641025641025641	0.01282051282051282	0.01282051282051282	0.0641025641025641	0.21794871794871795	0.01282051282051282	0.08974358974358974	0.0641025641025641	0.24358974358974358	0.21794871794871795
158	file:/Users/miriamthompson/Desktop/DH%20Project/Mallet/post_revolution/MVHD28.txt	0.06578947368421052	0.013157894736842105	0.013157894736842105	0.039473684210526314	0.11842105263157894	0.19736842105263158	0.3026315789473684	0.013157894736842105	0.06578947368421052	0.17105263157894737
159	file:/Users/miriamthompson/Desktop/DH%20Project/Mallet/post_revolution/MVHD14.txt	0.2169811320754717	0.10377358490566038	0.0660377358490566	0.04716981132075472	0.330188679245283	0.04716981132075472	0.0660377358490566	0.02830188679245283	0.009433962264150943	0.08490566037735849
160	file:/Users/miriamthompson/Desktop/DH%20Project/Mallet/post_revolution/ESB22.txt	0.07608695652173914	0.03260869565217391	0.010869565217391304	0.29347826086956524	0.09782608695652174	0.07608695652173914	0.16304347826086957	0.16304347826086957	0.010869565217391304	0.07608695652173914
161	file:/Users/miriamthompson/Desktop/DH%20Project/Mallet/post_revolution/ESB36.txt	0.03260869565217391	0.03260869565217391	0.03260869565217391	0.05434782608695652	0.010869565217391304	0.010869565217391304	0.6630434782608695	0.05434782608695652	0.07608695652173914	0.03260869565217391
162	file:/Users/miriamthompson/Desktop/DH%20Project/Mallet/post_revolution/ESB32.txt	0.014285714285714285	0.014285714285714285	0.014285714285714285	0.24285714285714285	0.014285714285714285	0.014285714285714285	0.38571428571428573	0.18571428571428572	0.07142857142857142	0.04285714285714286
163	file:/Users/miriamthompson/Desktop/DH%20Project/Mallet/post_revolution/ESB26.txt	0.13095238095238096	0.011904761904761904	0.17857142857142858	0.39285714285714285	0.03571428571428571	0.08333333333333333	0.05952380952380952	0.011904761904761904	0.011904761904761904	0.08333333333333333
164	file:/Users/miriamthompson/Desktop/DH%20Project/Mallet/post_revolution/MVHD38.txt	0.14423076923076922	0.028846153846153848	0.04807692307692308	0.028846153846153848	0.009615384615384616	0.009615384615384616	0.009615384615384616	0.009615384615384616	0.6442307692307693	0.0673076923076923
165	file:/Users/miriamthompson/Desktop/DH%20Project/Mallet/post_revolution/MVHD10.txt	0.0375	0.0875	0.0125	0.0125	0.0625	0.5625	0.0125	0.1625	0.0375	0.0125
166	file:/Users/miriamthompson/Desktop/DH%20Project/Mallet/post_revolution/EHT33.txt	0.34444444444444444	0.03333333333333333	0.12222222222222222	0.18888888888888888	0.03333333333333333	0.03333333333333333	0.05555555555555555	0.05555555555555555	0.05555555555555555	0.07777777777777778
167	file:/Users/miriamthompson/Desktop/DH%20Project/Mallet/post_revolution/EHT27.txt	0.04807692307692308	0.009615384615384616	0.6057692307692307	0.028846153846153848	0.009615384615384616	0.009615384615384616	0.009615384615384616	0.04807692307692308	0.18269230769230768	0.04807692307692308
168	file:/Users/miriamthompson/Desktop/DH%20Project/Mallet/post_revolution/EHT26.txt	0.011627906976744186	0.05813953488372093	0.29069767441860467	0.1511627906976744	0.10465116279069768	0.12790697674418605	0.011627906976744186	0.011627906976744186	0.22093023255813954	0.011627906976744186
169	file:/Users/miriamthompson/Desktop/DH%20Project/Mallet/post_revolution/EHT32.txt	0.10227272727272728	0.011363636363636364	0.48863636363636365	0.011363636363636364	0.14772727272727273	0.011363636363636364	0.011363636363636364	0.19318181818181818	0.011363636363636364	0.011363636363636364
170	file:/Users/miriamthompson/Desktop/DH%20Project/Mallet/post_revolution/MVHD1.txt	0.03409090909090909	0.011363636363636364	0.03409090909090909	0.17045454545454544	0.2159090909090909	0.03409090909090909	0.125	0.19318181818181818	0.011363636363636364	0.17045454545454544
171	file:/Users/miriamthompson/Desktop/DH%20Project/Mallet/post_revolution/MVHD11.txt	0.015625	0.015625	0.015625	0.015625	0.109375	0.390625	0.265625	0.046875	0.046875	0.078125
172	file:/Users/miriamthompson/Desktop/DH%20Project/Mallet/post_revolution/MVHD39.txt	0.010869565217391304	0.010869565217391304	0.05434782608695652	0.25	0.05434782608695652	0.010869565217391304	0.010869565217391304	0.03260869565217391	0.358695652173913	0.20652173913043478
173	file:/Users/miriamthompson/Desktop/DH%20Project/Mallet/post_revolution/ESB27.txt	0.05	0.05	0.016666666666666666	0.4166666666666667	0.016666666666666666	0.08333333333333333	0.2833333333333333	0.05	0.016666666666666666	0.016666666666666666
174	file:/Users/miriamthompson/Desktop/DH%20Project/Mallet/post_revolution/ESB33.txt	0.012195121951219513	0.012195121951219513	0.036585365853658534	0.3048780487804878	0.08536585365853659	0.012195121951219513	0.23170731707317074	0.012195121951219513	0.13414634146341464	0.15853658536585366
175	file:/Users/miriamthompson/Desktop/DH%20Project/Mallet/post_revolution/ESB19.txt	0.12037037037037036	0.009259259259259259	0.10185185185185185	0.4166666666666667	0.009259259259259259	0.027777777777777776	0.17592592592592593	0.10185185185185185	0.009259259259259259	0.027777777777777776
176	file:/Users/miriamthompson/Desktop/DH%20Project/Mallet/post_revolution/ESB25.txt	0.06862745098039216	0.029411764705882353	0.696078431372549	0.08823529411764706	0.029411764705882353	0.029411764705882353	0.00980392156862745	0.029411764705882353	0.00980392156862745	0.00980392156862745
177	file:/Users/miriamthompson/Desktop/DH%20Project/Mallet/post_revolution/ESB31.txt	0.06097560975609756	0.036585365853658534	0.012195121951219513	0.23170731707317074	0.012195121951219513	0.13414634146341464	0.4024390243902439	0.036585365853658534	0.012195121951219513	0.06097560975609756
178	file:/Users/miriamthompson/Desktop/DH%20Project/Mallet/post_revolution/MVHD13.txt	0.011111111111111112	0.05555555555555555	0.011111111111111112	0.05555555555555555	0.03333333333333333	0.3888888888888889	0.05555555555555555	0.16666666666666666	0.12222222222222222	0.1
179	file:/Users/miriamthompson/Desktop/DH%20Project/Mallet/post_revolution/MVHD3.txt	0.07352941176470588	0.19117647058823528	0.014705882352941176	0.16176470588235295	0.04411764705882353	0.1323529411764706	0.014705882352941176	0.014705882352941176	0.3382352941176471	0.014705882352941176
180	file:/Users/miriamthompson/Desktop/DH%20Project/Mallet/post_revolution/EHT24.txt	0.10465116279069768	0.10465116279069768	0.011627906976744186	0.03488372093023256	0.38372093023255816	0.08139534883720931	0.011627906976744186	0.10465116279069768	0.03488372093023256	0.12790697674418605
181	file:/Users/miriamthompson/Desktop/DH%20Project/Mallet/post_revolution/EHT30.txt	0.29	0.03	0.41	0.03	0.05	0.01	0.03	0.03	0.11	0.01
182	file:/Users/miriamthompson/Desktop/DH%20Project/Mallet/post_revolution/EHT18.txt	0.32978723404255317	0.09574468085106383	0.18085106382978725	0.010638297872340425	0.2872340425531915	0.031914893617021274	0.031914893617021274	0.010638297872340425	0.010638297872340425	0.010638297872340425
183	file:/Users/miriamthompson/Desktop/DH%20Project/Mallet/post_revolution/MVHD121.txt	0.078125	0.015625	0.015625	0.046875	0.015625	0.078125	0.515625	0.171875	0.046875	0.015625
184	file:/Users/miriamthompson/Desktop/DH%20Project/Mallet/post_revolution/MVHD109.txt	0.11290322580645161	0.04838709677419355	0.04838709677419355	0.016129032258064516	0.5	0.08064516129032258	0.016129032258064516	0.016129032258064516	0.016129032258064516	0.14516129032258066
185	file:/Users/miriamthompson/Desktop/DH%20Project/Mallet/post_revolution/MVHD108.txt	0.08139534883720931	0.12790697674418605	0.011627906976744186	0.011627906976744186	0.2441860465116279	0.05813953488372093	0.011627906976744186	0.10465116279069768	0.03488372093023256	0.313953488372093
186	file:/Users/miriamthompson/Desktop/DH%20Project/Mallet/post_revolution/MVHD120.txt	0.08974358974358974	0.038461538461538464	0.01282051282051282	0.08974358974358974	0.2948717948717949	0.08974358974358974	0.21794871794871795	0.08974358974358974	0.038461538461538464	0.038461538461538464
187	file:/Users/miriamthompson/Desktop/DH%20Project/Mallet/post_revolution/EHT19.txt	0.11607142857142858	0.13392857142857142	0.026785714285714284	0.008928571428571428	0.16964285714285715	0.026785714285714284	0.026785714285714284	0.20535714285714285	0.22321428571428573	0.0625
188	file:/Users/miriamthompson/Desktop/DH%20Project/Mallet/post_revolution/EHT31.txt	0.07	0.11	0.33	0.03	0.03	0.07	0.05	0.13	0.13	0.05
189	file:/Users/miriamthompson/Desktop/DH%20Project/Mallet/post_revolution/EHT25.txt	0.08333333333333333	0.011904761904761904	0.011904761904761904	0.011904761904761904	0.32142857142857145	0.25	0.011904761904761904	0.17857142857142858	0.10714285714285714	0.011904761904761904
190	file:/Users/miriamthompson/Desktop/DH%20Project/Mallet/post_revolution/MVHD2.txt	0.01282051282051282	0.14102564102564102	0.01282051282051282	0.16666666666666666	0.01282051282051282	0.0641025641025641	0.01282051282051282	0.47435897435897434	0.0641025641025641	0.038461538461538464
191	file:/Users/miriamthompson/Desktop/DH%20Project/Mallet/post_revolution/MVHD12.txt	0.01282051282051282	0.01282051282051282	0.038461538461538464	0.0641025641025641	0.01282051282051282	0.19230769230769232	0.21794871794871795	0.19230769230769232	0.0641025641025641	0.19230769230769232
192	file:/Users/miriamthompson/Desktop/DH%20Project/Mallet/post_revolution/ESB30.txt	0.04285714285714286	0.07142857142857142	0.04285714285714286	0.15714285714285714	0.014285714285714285	0.12857142857142856	0.5	0.014285714285714285	0.014285714285714285	0.014285714285714285
193	file:/Users/miriamthompson/Desktop/DH%20Project/Mallet/post_revolution/ESB24.txt	0.00909090909090909	0.045454545454545456	0.3181818181818182	0.22727272727272727	0.045454545454545456	0.06363636363636363	0.00909090909090909	0.02727272727272727	0.24545454545454545	0.00909090909090909
194	file:/Users/miriamthompson/Desktop/DH%20Project/Mallet/post_revolution/ESB18.txt	0.0375	0.0125	0.0375	0.2875	0.0125	0.0375	0.3625	0.1125	0.0375	0.0625
195	file:/Users/miriamthompson/Desktop/DH%20Project/Mallet/post_revolution/MVHD61.txt	0.2375	0.0125	0.1125	0.0625	0.1375	0.2125	0.0625	0.1125	0.0375	0.0125
196	file:/Users/miriamthompson/Desktop/DH%20Project/Mallet/post_revolution/MVHD75.txt	0.041666666666666664	0.013888888888888888	0.041666666666666664	0.013888888888888888	0.041666666666666664	0.625	0.041666666666666664	0.013888888888888888	0.06944444444444445	0.09722222222222222
197	file:/Users/miriamthompson/Desktop/DH%20Project/Mallet/post_revolution/MVHD49.txt	0.011904761904761904	0.10714285714285714	0.05952380952380952	0.36904761904761907	0.17857142857142858	0.011904761904761904	0.15476190476190477	0.05952380952380952	0.03571428571428571	0.011904761904761904
198	file:/Users/miriamthompson/Desktop/DH%20Project/Mallet/post_revolution/EHT1.txt	0.19	0.03	0.03	0.01	0.33	0.03	0.05	0.13	0.13	0.07
199	file:/Users/miriamthompson/Desktop/DH%20Project/Mallet/post_revolution/EHT42.txt	0.17105263157894737	0.19736842105263158	0.25	0.013157894736842105	0.013157894736842105	0.013157894736842105	0.039473684210526314	0.25	0.039473684210526314	0.013157894736842105
200	file:/Users/miriamthompson/Desktop/DH%20Project/Mallet/post_revolution/EHT56.txt	0.028846153846153848	0.25961538461538464	0.5480769230769231	0.009615384615384616	0.0673076923076923	0.028846153846153848	0.009615384615384616	0.028846153846153848	0.009615384615384616	0.009615384615384616
201	file:/Users/miriamthompson/Desktop/DH%20Project/Mallet/post_revolution/EHT57.txt	0.00909090909090909	0.6818181818181818	0.08181818181818182	0.00909090909090909	0.00909090909090909	0.00909090909090909	0.00909090909090909	0.02727272727272727	0.1	0.06363636363636363
202	file:/Users/miriamthompson/Desktop/DH%20Project/Mallet/post_revolution/EHT43.txt	0.13541666666666666	0.010416666666666666	0.15625	0.052083333333333336	0.010416666666666666	0.3020833333333333	0.010416666666666666	0.17708333333333334	0.052083333333333336	0.09375
203	file:/Users/miriamthompson/Desktop/DH%20Project/Mallet/post_revolution/MVHD48.txt	0.08536585365853659	0.10975609756097561	0.06097560975609756	0.012195121951219513	0.45121951219512196	0.036585365853658534	0.06097560975609756	0.012195121951219513	0.13414634146341464	0.036585365853658534
204	file:/Users/miriamthompson/Desktop/DH%20Project/Mallet/post_revolution/MVHD74.txt	0.08139534883720931	0.12790697674418605	0.011627906976744186	0.011627906976744186	0.03488372093023256	0.22093023255813954	0.2441860465116279	0.12790697674418605	0.011627906976744186	0.12790697674418605
205	file:/Users/miriamthompson/Desktop/DH%20Project/Mallet/post_revolution/MVHD60.txt	0.27631578947368424	0.013157894736842105	0.039473684210526314	0.19736842105263158	0.039473684210526314	0.013157894736842105	0.09210526315789473	0.06578947368421052	0.013157894736842105	0.25
206	file:/Users/miriamthompson/Desktop/DH%20Project/Mallet/post_revolution/ESB40.txt	0.03260869565217391	0.05434782608695652	0.03260869565217391	0.25	0.010869565217391304	0.05434782608695652	0.29347826086956524	0.010869565217391304	0.03260869565217391	0.22826086956521738
207	file:/Users/miriamthompson/Desktop/DH%20Project/Mallet/post_revolution/MVHD89.txt	0.32051282051282054	0.0641025641025641	0.0641025641025641	0.01282051282051282	0.08974358974358974	0.01282051282051282	0.038461538461538464	0.08974358974358974	0.16666666666666666	0.14102564102564102
208	file:/Users/miriamthompson/Desktop/DH%20Project/Mallet/post_revolution/MVHD76.txt	0.016666666666666666	0.05	0.016666666666666666	0.016666666666666666	0.016666666666666666	0.5166666666666667	0.016666666666666666	0.05	0.016666666666666666	0.2833333333333333
209	file:/Users/miriamthompson/Desktop/DH%20Project/Mallet/post_revolution/MVHD62.txt	0.1125	0.0625	0.0125	0.0125	0.4625	0.0875	0.0625	0.0125	0.1625	0.0125
210	file:/Users/miriamthompson/Desktop/DH%20Project/Mallet/post_revolution/EHT2.txt	0.13541666666666666	0.3645833333333333	0.07291666666666667	0.010416666666666666	0.21875	0.09375	0.03125	0.052083333333333336	0.010416666666666666	0.010416666666666666
211	file:/Users/miriamthompson/Desktop/DH%20Project/Mallet/post_revolution/EHT69.txt	0.011627906976744186	0.5465116279069767	0.011627906976744186	0.05813953488372093	0.03488372093023256	0.011627906976744186	0.10465116279069768	0.05813953488372093	0.10465116279069768	0.05813953488372093
212	file:/Users/miriamthompson/Desktop/DH%20Project/Mallet/post_revolution/EHT55.txt	0.00909090909090909	0.5	0.06363636363636363	0.02727272727272727	0.045454545454545456	0.1	0.045454545454545456	0.06363636363636363	0.00909090909090909	0.13636363636363635
213	file:/Users/miriamthompson/Desktop/DH%20Project/Mallet/post_revolution/EHT41.txt	0.08139534883720931	0.45348837209302323	0.03488372093023256	0.03488372093023256	0.26744186046511625	0.05813953488372093	0.03488372093023256	0.011627906976744186	0.011627906976744186	0.011627906976744186
214	file:/Users/miriamthompson/Desktop/DH%20Project/Mallet/post_revolution/EHT40.txt	0.10227272727272728	0.5568181818181818	0.17045454545454544	0.011363636363636364	0.056818181818181816	0.011363636363636364	0.011363636363636364	0.011363636363636364	0.056818181818181816	0.011363636363636364
215	file:/Users/miriamthompson/Desktop/DH%20Project/Mallet/post_revolution/EHT54.txt	0.010416666666666666	0.09375	0.59375	0.010416666666666666	0.11458333333333333	0.11458333333333333	0.010416666666666666	0.010416666666666666	0.03125	0.010416666666666666
216	file:/Users/miriamthompson/Desktop/DH%20Project/Mallet/post_revolution/EHT68.txt	0.18627450980392157	0.4803921568627451	0.18627450980392157	0.00980392156862745	0.049019607843137254	0.00980392156862745	0.00980392156862745	0.049019607843137254	0.00980392156862745	0.00980392156862745
217	file:/Users/miriamthompson/Desktop/DH%20Project/Mallet/post_revolution/EHT3.txt	0.2717391304347826	0.010869565217391304	0.05434782608695652	0.05434782608695652	0.14130434782608695	0.010869565217391304	0.03260869565217391	0.31521739130434784	0.03260869565217391	0.07608695652173914
218	file:/Users/miriamthompson/Desktop/DH%20Project/Mallet/post_revolution/MVHD63.txt	0.2261904761904762	0.011904761904761904	0.011904761904761904	0.011904761904761904	0.2976190476190476	0.011904761904761904	0.13095238095238096	0.27380952380952384	0.011904761904761904	0.011904761904761904
219	file:/Users/miriamthompson/Desktop/DH%20Project/Mallet/post_revolution/MVHD77.txt	0.17105263157894737	0.09210526315789473	0.013157894736842105	0.013157894736842105	0.013157894736842105	0.14473684210526316	0.039473684210526314	0.2236842105263158	0.013157894736842105	0.27631578947368424
220	file:/Users/miriamthompson/Desktop/DH%20Project/Mallet/post_revolution/MVHD88.txt	0.10714285714285714	0.011904761904761904	0.011904761904761904	0.011904761904761904	0.20238095238095238	0.03571428571428571	0.08333333333333333	0.011904761904761904	0.13095238095238096	0.39285714285714285
221	file:/Users/miriamthompson/Desktop/DH%20Project/Mallet/post_revolution/MVHD98.txt	0.1625	0.1125	0.0375	0.1125	0.0125	0.0875	0.0375	0.0125	0.1125	0.3125
222	file:/Users/miriamthompson/Desktop/DH%20Project/Mallet/post_revolution/MVHD73.txt	0.15476190476190477	0.03571428571428571	0.011904761904761904	0.10714285714285714	0.08333333333333333	0.17857142857142858	0.13095238095238096	0.2261904761904762	0.011904761904761904	0.05952380952380952
223	file:/Users/miriamthompson/Desktop/DH%20Project/Mallet/post_revolution/MVHD67.txt	0.31	0.25	0.01	0.01	0.07	0.25	0.01	0.01	0.05	0.03
224	file:/Users/miriamthompson/Desktop/DH%20Project/Mallet/post_revolution/EHT7.txt	0.11	0.07	0.01	0.07	0.39	0.19	0.01	0.11	0.03	0.01
225	file:/Users/miriamthompson/Desktop/DH%20Project/Mallet/post_revolution/EHT50.txt	0.013888888888888888	0.4583333333333333	0.041666666666666664	0.041666666666666664	0.18055555555555555	0.041666666666666664	0.013888888888888888	0.09722222222222222	0.041666666666666664	0.06944444444444445
226	file:/Users/miriamthompson/Desktop/DH%20Project/Mallet/post_revolution/EHT44.txt	0.06862745098039216	0.12745098039215685	0.4411764705882353	0.049019607843137254	0.06862745098039216	0.029411764705882353	0.00980392156862745	0.00980392156862745	0.10784313725490197	0.08823529411764706
227	file:/Users/miriamthompson/Desktop/DH%20Project/Mallet/post_revolution/EHT45.txt	0.009259259259259259	0.21296296296296297	0.3055555555555556	0.06481481481481481	0.10185185185185185	0.027777777777777776	0.06481481481481481	0.1574074074074074	0.027777777777777776	0.027777777777777776
228	file:/Users/miriamthompson/Desktop/DH%20Project/Mallet/post_revolution/EHT51.txt	0.03125	0.3020833333333333	0.40625	0.010416666666666666	0.11458333333333333	0.010416666666666666	0.010416666666666666	0.052083333333333336	0.03125	0.03125
229	file:/Users/miriamthompson/Desktop/DH%20Project/Mallet/post_revolution/EHT6.txt	0.10784313725490197	0.049019607843137254	0.00980392156862745	0.00980392156862745	0.38235294117647056	0.00980392156862745	0.10784313725490197	0.22549019607843138	0.08823529411764706	0.00980392156862745
230	file:/Users/miriamthompson/Desktop/DH%20Project/Mallet/post_revolution/MVHD66.txt	0.32857142857142857	0.12857142857142856	0.014285714285714285	0.07142857142857142	0.07142857142857142	0.15714285714285714	0.014285714285714285	0.12857142857142856	0.014285714285714285	0.07142857142857142
231	file:/Users/miriamthompson/Desktop/DH%20Project/Mallet/post_revolution/MVHD72.txt	0.3	0.04285714285714286	0.04285714285714286	0.014285714285714285	0.04285714285714286	0.15714285714285714	0.07142857142857142	0.04285714285714286	0.014285714285714285	0.2714285714285714
232	file:/Users/miriamthompson/Desktop/DH%20Project/Mallet/post_revolution/MVHD99.txt	0.6142857142857143	0.04285714285714286	0.014285714285714285	0.014285714285714285	0.04285714285714286	0.014285714285714285	0.014285714285714285	0.014285714285714285	0.014285714285714285	0.21428571428571427
233	file:/Users/miriamthompson/Desktop/DH%20Project/Mallet/post_revolution/MVHD58.txt	0.05319148936170213	0.07446808510638298	0.010638297872340425	0.010638297872340425	0.05319148936170213	0.6914893617021277	0.010638297872340425	0.07446808510638298	0.010638297872340425	0.010638297872340425
234	file:/Users/miriamthompson/Desktop/DH%20Project/Mallet/post_revolution/MVHD64.txt	0.15476190476190477	0.011904761904761904	0.011904761904761904	0.011904761904761904	0.25	0.05952380952380952	0.011904761904761904	0.05952380952380952	0.05952380952380952	0.36904761904761907
235	file:/Users/miriamthompson/Desktop/DH%20Project/Mallet/post_revolution/MVHD70.txt	0.011363636363636364	0.19318181818181818	0.011363636363636364	0.07954545454545454	0.3068181818181818	0.19318181818181818	0.03409090909090909	0.03409090909090909	0.056818181818181816	0.07954545454545454
236	file:/Users/miriamthompson/Desktop/DH%20Project/Mallet/post_revolution/ESB9.txt	0.38372093023255816	0.05813953488372093	0.08139534883720931	0.1744186046511628	0.011627906976744186	0.08139534883720931	0.011627906976744186	0.05813953488372093	0.12790697674418605	0.011627906976744186
237	file:/Users/miriamthompson/Desktop/DH%20Project/Mallet/post_revolution/EHT4.txt	0.15625	0.11458333333333333	0.010416666666666666	0.010416666666666666	0.21875	0.03125	0.010416666666666666	0.15625	0.28125	0.010416666666666666
238	file:/Users/miriamthompson/Desktop/DH%20Project/Mallet/post_revolution/EHT47.txt	0.00980392156862745	0.5392156862745098	0.3431372549019608	0.00980392156862745	0.00980392156862745	0.00980392156862745	0.00980392156862745	0.029411764705882353	0.029411764705882353	0.00980392156862745
239	file:/Users/miriamthompson/Desktop/DH%20Project/Mallet/post_revolution/EHT53.txt	0.27	0.15	0.27	0.03	0.05	0.05	0.01	0.03	0.11	0.03
240	file:/Users/miriamthompson/Desktop/DH%20Project/Mallet/post_revolution/EHT52.txt	0.010416666666666666	0.15625	0.11458333333333333	0.03125	0.052083333333333336	0.03125	0.07291666666666667	0.15625	0.23958333333333334	0.13541666666666666
241	file:/Users/miriamthompson/Desktop/DH%20Project/Mallet/post_revolution/EHT46.txt	0.05555555555555555	0.25555555555555554	0.3	0.011111111111111112	0.03333333333333333	0.011111111111111112	0.03333333333333333	0.18888888888888888	0.1	0.011111111111111112
242	file:/Users/miriamthompson/Desktop/DH%20Project/Mallet/post_revolution/EHT5.txt	0.011363636363636364	0.056818181818181816	0.011363636363636364	0.011363636363636364	0.19318181818181818	0.056818181818181816	0.011363636363636364	0.375	0.2159090909090909	0.056818181818181816
243	file:/Users/miriamthompson/Desktop/DH%20Project/Mallet/post_revolution/ESB8.txt	0.32978723404255317	0.010638297872340425	0.13829787234042554	0.1595744680851064	0.010638297872340425	0.010638297872340425	0.07446808510638298	0.1595744680851064	0.031914893617021274	0.07446808510638298
244	file:/Users/miriamthompson/Desktop/DH%20Project/Mallet/post_revolution/MVHD71.txt	0.2625	0.0375	0.0125	0.0125	0.0125	0.2375	0.1375	0.0375	0.0125	0.2375
245	file:/Users/miriamthompson/Desktop/DH%20Project/Mallet/post_revolution/MVHD65.txt	0.23469387755102042	0.11224489795918367	0.05102040816326531	0.01020408163265306	0.1326530612244898	0.25510204081632654	0.01020408163265306	0.07142857142857142	0.01020408163265306	0.11224489795918367
246	file:/Users/miriamthompson/Desktop/DH%20Project/Mallet/post_revolution/MVHD59.txt	0.2625	0.0125	0.0125	0.0125	0.4375	0.0625	0.0125	0.1375	0.0125	0.0375
